$NOD
449
1 0.5 0 0
2 1 0 0
3 1 1 0
4 0 1 0
5 0 0.5 0
6 0.5 0.5 0
7 0.5999999999999998 0 0
8 0.6999999999999998 0 0
9 0.7999999999999998 0 0
10 0.8999999999999999 0 0
11 0.5500000000000189 0 0
12 0.6500000000000716 0 0
13 0.7499999999998513 0 0
14 0.849999999999992 0 0
15 0.9500000000000207 0 0
16 1 0.09999999999981467 0
17 1 0.1999999999995579 0
18 1 0.2999999999992664 0
19 1 0.3999999999989749 0
20 1 0.4999999999986943 0
21 1 0.5999999999989468 0
22 1 0.69999999999921 0
23 1 0.7999999999994734 0
24 1 0.8999999999997368 0
25 1 0.04999999999989927 0
26 1 0.1499999999997036 0
27 1 0.2499999999994121 0
28 1 0.3499999999991207 0
29 1 0.4499999999988346 0
30 1 0.5499999999988205 0
31 1 0.6499999999990784 0
32 1 0.7499999999993416 0
33 1 0.8499999999996051 0
34 1 0.9499999999998684 0
35 0.8999999999995836 1 0
36 0.7999999999999998 1 0
37 0.7000000000006934 1 0
38 0.6000000000013869 1 0
39 0.5000000000020587 1 0
40 0.4000000000016644 1 0
41 0.3000000000012483 1 0
42 0.2000000000008322 1 0
43 0.100000000000416 1 0
44 0.9499999999998356 1 0
45 0.8499999999998515 1 0
46 0.7500000000003858 1 0
47 0.6500000000010593 1 0
48 0.5500000000016854 1 0
49 0.4500000000018616 1 0
50 0.3500000000014563 1 0
51 0.2500000000010403 1 0
52 0.1500000000006241 1 0
53 0.05000000000020799 1 0
54 0 0.9000000000000002 0
55 0 0.8000000000000002 0
56 0 0.7000000000000002 0
57 0 0.6000000000000001 0
58 0 0.9499999999999811 0
59 0 0.8499999999999284 0
60 0 0.7500000000001487 0
61 0 0.650000000000008 0
62 0 0.5499999999999793 0
63 0.09999999999977893 0.5 0
64 0.1999999999994874 0.5 0
65 0.2999999999994734 0.5 0
66 0.3999999999997367 0.5 0
67 0.04999999999990839 0.5 0
68 0.1499999999996332 0.5 0
69 0.2499999999993416 0.5 0
70 0.3499999999996051 0.5 0
71 0.4499999999998683 0.5 0
72 0.5 0.3999999999999999 0
73 0.5 0.3000000000006934 0
74 0.5 0.2000000000008322 0
75 0.5 0.1000000000004161 0
76 0.5 0.4499999999999603 0
77 0.5 0.3500000000002986 0
78 0.5 0.2500000000008789 0
79 0.5 0.1500000000006241 0
80 0.5 0.05000000000020804 0
81 0.7071428571428752 0.7071428571428401 0
82 0.7500000000009709 0.2500000000007628 0
83 0.4500000000018613 0.7500000000002057 0
84 0.7677551020410636 0.4822448979596213 0
85 0.2222222222231645 0.7500000000000001 0
86 0.829497354497414 0.8294973544973363 0
87 0.5958874458886586 0.8324675324679817 0
88 0.8423768793005927 0.622972993897548 0
89 0.5642857142863557 0.6428571428565086 0
90 0.6544629611214494 0.3741049352024282 0
91 0.3361111111126047 0.6483333333332929 0
92 0.3361111111124211 0.8516666666665079 0
93 0.8547229542028727 0.3587950763294949 0
94 0.6437500000005744 0.1437500000003923 0
95 0.8562500000001059 0.1437499999999753 0
96 0.1368573797680767 0.6368573797679951 0
97 0.136857379767982 0.8631426202318648 0
98 0.6361006346067974 0.5246475715689511 0
99 0.4616468910976163 0.8776706217809842 0
100 0.7132602265274132 0.8756430191755618 0
101 0.6139277200182836 0.2605635024171796 0
102 0.4493242074314321 0.6091700185969857 0
103 0.8823081525155319 0.5116509029890823 0
104 0.1054861111116062 0.7500000000000001 0
105 0.730013243442583 0.5931644257145464 0
106 0.887961685375309 0.7294795939749414 0
107 0.8958595334253595 0.2515592292484516 0
108 0.7500000000002589 0.1024456521738828 0
109 0.2388836670365901 0.6009348789789085 0
110 0.2388836670364499 0.8990651210206668 0
111 0.3245447154480903 0.7499999999998901 0
112 0.7534484831985246 0.3514797535858516 0
113 0.609740259740065 0.732720057720091 0
114 0.9001218934945729 0.9001218934945733 0
115 0.5500000000017229 0.9174106793295514 0
116 0.5864773394787689 0.4422036231498262 0
117 0.7946239655614614 0.7420162460787627 0
118 0.6775183947604242 0.7925794941891376 0
119 0.9138480698045635 0.4270420358580179 0
120 0.7946854287261548 0.9112776885593445 0
121 0.6528317080646751 0.6369612836667391 0
122 0.9267807419775472 0.6498566000617771 0
123 0.6378093863307417 0.9206802137653942 0
124 0.5710197904411758 0.3500000000003466 0
125 0.914264665667711 0.8119509600829682 0
126 0.5332860692727623 0.7729378569829509 0
127 0.686117480371071 0.4543571554991323 0
128 0.5835416666669244 0.083541666666993 0
129 0.9164583333333517 0.08354166666661757 0
130 0.5595827409983842 0.5590806236932333 0
131 0.3879874224016294 0.9172484468645733 0
132 0.3499999999996051 0.566389929254854 0
133 0.07903728176948421 0.5790372817695305 0
134 0.07903728176952775 0.9209627182305596 0
135 0.4911653061009438 0.6793858503159641 0
136 0.6853629726957479 0.2990669462025997 0
137 0.9352130292911484 0.3487979774228781 0
138 0.2610541098357291 0.6788766439857269 0
139 0.261054109835735 0.8211233560140714 0
140 0.4103674415923129 0.6797735702886391 0
141 0.7175271739138658 0.1762228260874797 0
142 0.8225644797490728 0.2849507195005992 0
143 0.8339543660565806 0.4365224740272188 0
144 0.8116378699115081 0.5491241740668886 0
145 0.7721773386948253 0.6609086274008997 0
146 0.4085148225094178 0.8181510913947959 0
147 0.5787172687244678 0.1893607978512293 0
148 0.7540368813640919 0.8088873462711713 0
149 0.8399544270833418 0.06724609374999561 0
150 0.6600455729169818 0.06724609375026699 0
151 0.9327539062500024 0.1600455729164838 0
152 0.06181048510278063 0.6540841764348649 0
153 0.1540841764350936 0.9381895148973592 0
154 0.154084176434645 0.5618104851027963 0
155 0.06181048510264003 0.8459158235652894 0
156 0.8147079878283795 0.2084579878280303 0
157 0.9281407468611654 0.5731608044341675 0
158 0.3112983613851686 0.9241883235161806 0
159 0.1638541666673855 0.705263325678115 0
160 0.1638541666673853 0.7947366743218225 0
161 0.7085403694962554 0.5239771410998567 0
162 0.5251120205449193 0.8442143082166642 0
163 0.4519180554574619 0.9478978238393722 0
164 0.9000609467470783 0.9500609467472867 0
165 0.9500609467472865 0.9500609467472867 0
166 0.9500609467472865 0.900060946747155 0
167 0.8473427143628691 0.9556388442796723 0
168 0.8474036611103639 0.9056997910269589 0
169 0.7973427143630774 0.9556388442796723 0
170 0.6496453463570158 0.2798152243098896 0
171 0.6657274469660747 0.2183931642523297 0
172 0.7014450733048068 0.2376448861450397 0
173 0.9439808426876545 0.7647397969872074 0
174 0.9439808426876545 0.7147397969870757 0
175 0.5569638600091418 0.2302817512090059 0
176 0.5569638600091418 0.2802817512089365 0
177 0.5393586343622339 0.1946803989260307 0
178 0.5963224943713756 0.2249621501342045 0
179 0.7066301132640533 0.9378215095877809 0
180 0.753972827626784 0.8934603538674531 0
181 0.7473427143634241 0.9556388442796723 0
182 0.7606017926197941 0.4168623257727364 0
183 0.7269362912060673 0.4683010267293768 0
184 0.7197829817847978 0.402918454542492 0
185 0.628838860009429 0.202156751208786 0
186 0.68063858695722 0.159986413043936 0
187 0.9571323328338555 0.8059754800412208 0
188 0.90111317552151 0.7707152770289548 0
189 0.8651692823379509 0.6762262939362447 0
190 0.8412928254683851 0.7357479200268521 0
191 0.8185004224310271 0.6824946199881554 0
192 0.7937014246275527 0.3940011138065352 0
193 0.8008547340488221 0.4593836859934201 0
194 0.474662103715716 0.5545850092984929 0
195 0.4246621037155844 0.5545850092984929 0
196 0.7834006521281434 0.7014624367398312 0
197 0.807277108997709 0.6419408106492239 0
198 0.7176814863483594 0.2745334731016812 0
199 0.7337635869574184 0.2131114130441213 0
200 0.5715131645064137 0.752828957351521 0
201 0.5122256876868531 0.7261618536494575 0
202 0.5504527829205044 0.7060529540180276 0
203 0.5870129870132104 0.6877886002882998 0
204 0.5277255101936498 0.6611214965862364 0
205 0.05274305555580311 0.7250000000000001 0
206 0.05274305555580311 0.7750000000000001 0
207 0.5297913704991921 0.5295403118466167 0
208 0.5044534742149082 0.5841253211451095 0
209 0.1878705234023333 0.6188961293734518 0
210 0.2013689168519878 0.6530991023285118 0
211 0.1503557732177311 0.671060352723055 0
212 0.187870523402216 0.8811038706262658 0
213 0.1503557732176837 0.8289396472768437 0
214 0.2013689168519177 0.8469008976712447 0
215 0.2499688884361596 0.6399057614823177 0
216 0.2124541382515573 0.6920699848319209 0
217 0.2499688884360925 0.8600942385173691 0
218 0.2124541382515602 0.8079300151679469 0
219 0.5068049608588938 0.6260135807267472 0
220 0.56193422764237 0.600968883274871 0
221 0.9479297667126798 0.275779614623859 0
222 0.9479297667126798 0.2257796146240047 0
223 0.3872723577249758 0.750000000000048 0
224 0.3674560785202016 0.7148867851442646 0
225 0.4301837207970871 0.7148867851444224 0
226 0.4292574112556395 0.7840755456975008 0
227 0.4875560102733904 0.7971071541084349 0
228 0.4668134215271685 0.8311826998057301 0
229 0.7750000000001294 0.05122282608694142 0
230 0.7250000000001293 0.05122282608694142 0
231 0.8031250000001824 0.123097826086929 0
232 0.8354789939142426 0.1761039939140028 0
233 0.7823539939143191 0.1554518200009566 0
234 0.366529768978754 0.7840755456973429 0
235 0.219441833518641 0.9495325605103334 0
236 0.2694418335188491 0.9495325605103334 0
237 0.2694418335180317 0.5504674394894542 0
238 0.2194418335180388 0.5504674394894542 0
239 0.6444661713357362 0.5808044276178451 0
240 0.6062072245315296 0.5980209536799862 0
241 0.5978416878025908 0.5418640976310922 0
242 0.6689046931657175 0.9603401068826971 0
243 0.6755348064290774 0.898161616470478 0
244 0.9411540762577659 0.5058254514938882 0
245 0.8980781111600477 0.4693464694235501 0
246 0.9569240349022817 0.4635210179283561 0
247 0.6545738362080359 0.8540552758217717 0
248 0.6168484161097001 0.8765738731166879 0
249 0.3249999999995392 0.533194964627427 0
250 0.2944418335180976 0.5836624041168812 0
251 0.6367029203245413 0.8125235133285597 0
252 0.6953893106439186 0.8341112566823496 0
253 0.7337635869570623 0.1393342391306813 0
254 0.7661175808711227 0.1923404069577551 0
255 0.6830569390246902 0.5589059986417488 0
256 0.691422475753629 0.6150628546906427 0
257 0.9071932795811419 0.8560364267887708 0
258 0.9571323328338555 0.8559754800413525 0
259 0.703955722159987 0.3627923443941399 0
260 0.6702902207462602 0.4142310453507803 0
261 0.3927176592720184 0.6287516759651393 0
262 0.3430555555561049 0.6073616312940735 0
263 0.3996621037155186 0.5877799739259199 0
264 0.3749999999996709 0.533194964627427 0
265 0.435080856803517 0.8479108565878901 0
266 0.4933794558212678 0.8609424649988242 0
267 0.5417708333334622 0.09177083333370455 0
268 0.5811294676956962 0.1364512322591111 0
269 0.5393586343622339 0.1446803989258227 0
270 0.5432386697393845 0.4711018115749131 0
271 0.5730300402385766 0.5006421234215297 0
272 0.5924737552297297 0.3052817512087631 0
273 0.5355098952205879 0.32500000000052 0
274 0.6341953405698665 0.3173342188098039 0
275 0.6127413757813126 0.3620524676013874 0
276 0.6112336343625211 0.1665553989258108 0
277 0.4916430346373118 0.7614689284915783 0
278 0.5291990449088408 0.8085760825998076 0
279 0.6085587111755153 0.6399092132616239 0
280 0.6723205020515264 0.5243123563344039 0
281 0.7192768064694193 0.5585707834072016 0
282 0.2874973890745974 0.6246341061561007 0
283 0.6699129669085986 0.3365859407025139 0
284 0.6112889870427831 0.4834255973593887 0
285 0.4298458245118725 0.6444717944428124 0
286 0.3732392763524588 0.664053451810966 0
287 0.5917708333334621 0.0417708333334965 0
288 0.5417708333334622 0.0417708333334965 0
289 0.9582291666666758 0.09177083333321612 0
290 0.9582291666666758 0.04177083333330878 0
291 0.9082291666666757 0.04177083333330878 0
292 0.4702447567661879 0.6442779344564749 0
293 0.2750910142108093 0.9116267222684238 0
294 0.3056491806932085 0.9620941617580903 0
295 0.9640703734305827 0.5365804022164309 0
296 0.9052244496883486 0.542405853711625 0
297 0.8587295199363615 0.7794884742361389 0
298 0.8120606600294378 0.7857568002880495 0
299 0.03090524255139031 0.6770420882174326 0
300 0.08364829810719343 0.7020420882174325 0
301 0.08364829810712313 0.7979579117826447 0
302 0.03090524255132001 0.8229579117826448 0
303 0.8040857187006987 0.3551374149576733 0
304 0.8443386601297267 0.3976587751783568 0
305 0.8623425159080622 0.5673119484433151 0
306 0.8852588130808791 0.5980668991658578 0
307 0.875291243814116 0.3051771527889732 0
308 0.9155362813582539 0.3001786033356648 0
309 0.8949679917470106 0.3537965268761865 0
310 0.9676065146455741 0.3243989887110723 0
311 0.8270073746060504 0.5860485839822183 0
312 0.84697301121352 0.5303875385279855 0
313 0.9569240349022817 0.4135210179284964 0
314 0.3556491806934165 0.9620941617580903 0
315 0.914306719837681 0.2058024010824677 0
316 0.9663769531250013 0.1800227864580208 0
317 0.718578050292729 0.6501536414286933 0
318 0.6799872826037752 0.6720520704047896 0
319 0.1346701388894958 0.7723683371609114 0
320 0.1128323258850127 0.8203262489435559 0
321 0.112832325885083 0.67967375105649 0
322 0.1346701388894959 0.7276316628390576 0
323 0.907371213676428 0.6896680970183593 0
324 0.9633903709887737 0.6749283000304935 0
325 0.88457881063907 0.6364147969796625 0
326 0.3939937112016469 0.9586242234322866 0
327 0.349642891893399 0.920718385190377 0
328 0.7861950613715878 0.6080687098060472 0
329 0.7708255566770456 0.5711442998907175 0
330 0.8760547667127327 0.1976546146242134 0
331 0.8945019531250542 0.1518977864582295 0
332 0.8718810100825625 0.8207241572901522 0
333 0.7510952910687041 0.6270365265577231 0
334 0.7396600979188502 0.6840257422718699 0
335 0.5432386697393845 0.4211018115749131 0
336 0.08951864088463157 0.5395186408847652 0
337 0.03951864088474211 0.5395186408847652 0
338 0.03951864088474211 0.5895186408847652 0
339 0.03951864088476387 0.9104813591152799 0
340 0.03951864088476387 0.9604813591152799 0
341 0.08951864088497186 0.9604813591152799 0
342 0.3303279132803475 0.6991666666665914 0
343 0.7050227864586204 0.08484587296207491 0
344 0.6800227864584909 0.0336230468751335 0
345 0.7949772135418003 0.08484587296193923 0
346 0.8481022135417238 0.1054980468749854 0
347 0.6968750000004167 0.1230978260871375 0
348 0.6518977864587781 0.1054980468753296 0
349 0.8199772135416707 0.03362304687499781 0
350 0.09933393243531102 0.8545292218985772 0
351 0.09933393243542865 0.6454707781014299 0
352 0.8552837606268695 0.230008608538241 0
353 0.8581312592860562 0.4740866885081506 0
354 0.8227961179840444 0.4928233240470538 0
355 0.8386437169759727 0.321872897915047 0
356 0.8592120065872162 0.2682549743745254 0
357 0.7896964859762858 0.5156845360132549 0
358 0.8648096239959935 0.8648096239959548 0
359 0.8120913916117845 0.8703875215283404 0
360 0.65844155844147 0.7199314574314655 0
361 0.63128598390237 0.684840670693415 0
362 0.3303279132802557 0.8008333333331989 0
363 0.3723129668109194 0.8349088790306519 0
364 0.7508834113521683 0.7245795516108013 0
365 0.7743304234627766 0.775451796174967 0
366 0.7305898692534836 0.7580151017070057 0
367 0.6923306259516497 0.7498611756659889 0
368 0.715777638062258 0.8007334202301545 0
369 0.5250000000018908 0.9587053396647758 0
370 0.5750000000015549 0.9587053396647758 0
371 0.6189046931660642 0.9603401068826971 0
372 0.7336485539457525 0.8422651827233665 0
373 0.7743611550451233 0.860082517415258 0
374 0.7917671179307529 0.8191923503842538 0
375 0.1964839217356175 0.5813726820408525 0
376 0.1770420882170662 0.5309052425513981 0
377 0.1454707781013608 0.5993339324353957 0
378 0.1964839217357718 0.918627317959013 0
379 0.1454707781015378 0.9006660675646121 0
380 0.1770420882179629 0.9690947574486797 0
381 0.6204701503001091 0.4081542791761272 0
382 0.6362974099249199 0.4482803893244792 0
383 0.6611090574889342 0.4895023635340418 0
384 0.9640703734305827 0.5865804022165572 0
385 0.6028138528143618 0.7825937950940363 0
386 0.6436293272502446 0.7626497759546143 0
387 0.5729437229451908 0.8749391058987666 0
388 0.5939046931662323 0.9190454465474729 0
389 0.2985826104741669 0.6636049886595099 0
390 0.2874973890744355 0.8753658938435873 0
391 0.2985826104740781 0.8363950113402896 0
392 0.2927994126419097 0.7144383219928085 0
393 0.2733834688356274 0.7499999999999452 0
394 0.2416381660294468 0.7144383219928635 0
395 0.2927994126419127 0.7855616780069807 0
396 0.2416381660294497 0.7855616780070358 0
397 0.7517242415997478 0.3007398767933072 0
398 0.7862822398750218 0.267475359750681 0
399 0.7880064814737987 0.3182152365432254 0
400 0.3237047362487949 0.8879274950913443 0
401 0.7600891197038817 0.5365506575833727 0
402 0.6136458333337493 0.1136458333336926 0
403 0.9633903709887737 0.624928300030362 0
404 0.5058234455496695 0.8975406505552679 0
405 0.5009590277295923 0.9326542515844618 0
406 0.4567824732775391 0.9127842228101781 0
407 0.4759590277297603 0.973948911919686 0
408 0.5355098952205879 0.3750000000001733 0
409 0.5787485649599724 0.3961018115750864 0
410 0.5645867575807104 0.8027026947254663 0
411 0.7381477357686594 0.503111019529739 0
412 0.4705826530514026 0.7146929251580849 0
413 0.7194057279471362 0.3252733498942256 0
414 0.6300227864584909 0.0336230468751335 0
415 0.9663769531250013 0.1300227864581492 0
416 0.8699772135416708 0.03362304687499781 0
417 0.4248171567496228 0.8974595343227787 0
418 0.3982511224555236 0.8676997691296846 0
419 0.3620492667570253 0.8844575567655406 0
420 0.7823539939146752 0.2292289939143966 0
421 0.9274607444193563 0.6115087022479724 0
422 0.9676065146455741 0.3743989887109265 0
423 0.127042088217212 0.5309052425513981 0
424 0.03090524255139031 0.6270420882174326 0
425 0.03090524255132001 0.8729579117826448 0
426 0.1270420882177548 0.9690947574486797 0
427 0.193038194445275 0.7276316628390576 0
428 0.1930381944452749 0.7723683371609114 0
429 0.8739012179305721 0.4317822549426183 0
430 0.4259590277295631 0.973948911919686 0
431 0.924530549547856 0.387920006640448 0
432 0.5375560102733211 0.8808124937731079 0
433 0.6217936197919531 0.07539388020863 0
434 0.9246061197916771 0.1217936197915507 0
435 0.8782063802083467 0.07539388020830659 0
436 0.5604997332167889 0.8383409203423229 0
437 0.8842855120037181 0.3929185560937564 0
438 0.8186362337887261 0.2467043536643148 0
439 0.4507663738466284 0.6795797103023016 0
440 0.8863541666667287 0.1136458333332964 0
441 0.1165607291020646 0.5704238834361635 0
442 0.07042388343613243 0.6165607291021977 0
443 0.07042388343608388 0.8834392708979245 0
444 0.1165607291023107 0.9295761165639594 0
445 0.1638541666673854 0.7499999999999687 0
446 0.1079473307687804 0.6079473307687628 0
447 0.1079473307687549 0.8920526692312123 0
448 0.6973289249336632 0.4891671482994945 0
449 0.4199527389295457 0.9325731353519727 0
$ENDNOD
$ELM
204
1 9 1 1 6 3 35 114 44 164 165
2 9 1 1 6 24 3 114 34 165 166
3 9 1 1 6 114 35 120 164 167 168
4 9 1 1 6 35 36 120 45 169 167
5 9 1 1 6 136 101 141 170 171 172
6 9 1 1 6 22 23 106 32 173 174
7 9 1 1 6 73 74 101 78 175 176
8 9 1 1 6 101 74 147 175 177 178
9 9 1 1 6 37 100 120 179 180 181
10 9 1 1 6 112 84 127 182 183 184
11 9 1 1 6 101 94 141 185 186 171
12 9 1 1 6 106 23 125 173 187 188
13 9 1 1 6 88 106 117 189 190 191
14 9 1 1 6 84 112 143 182 192 193
15 9 1 1 6 66 6 102 71 194 195
16 9 1 1 6 88 117 145 191 196 197
17 9 1 1 6 82 136 141 198 172 199
18 9 1 1 6 113 126 135 200 201 202
19 9 1 1 6 89 113 135 203 202 204
20 9 1 1 6 36 37 120 46 181 169
21 9 1 1 6 55 56 104 60 205 206
22 9 1 1 6 102 6 130 194 207 208
23 9 1 1 6 96 109 159 209 210 211
24 9 1 1 6 110 97 160 212 213 214
25 9 1 1 6 109 138 159 215 216 210
26 9 1 1 6 139 110 160 217 214 218
27 9 1 1 6 89 102 130 219 208 220
28 9 1 1 6 17 18 107 27 221 222
29 9 1 1 6 83 111 140 223 224 225
30 9 1 1 6 146 83 162 226 227 228
31 9 1 1 6 8 9 108 13 229 230
32 9 1 1 6 108 95 156 231 232 233
33 9 1 1 6 111 83 146 223 226 234
34 9 1 1 6 41 42 110 51 235 236
35 9 1 1 6 64 65 109 69 237 238
36 9 1 1 6 98 121 130 239 240 241
37 9 1 1 6 100 37 123 179 242 243
38 9 1 1 6 20 103 119 244 245 246
39 9 1 1 6 87 100 123 247 243 248
40 9 1 1 6 109 65 132 237 249 250
41 9 1 1 6 100 87 118 247 251 252
42 9 1 1 6 141 108 156 253 233 254
43 9 1 1 6 98 105 121 255 256 239
44 9 1 1 6 24 114 125 166 257 258
45 9 1 1 6 90 112 127 259 184 260
46 9 1 1 6 23 24 125 33 258 187
47 9 1 1 6 102 91 132 261 262 263
48 9 1 1 6 66 102 132 195 263 264
49 9 1 1 6 99 146 162 265 228 266
50 9 1 1 6 75 128 147 267 268 269
51 9 1 1 6 6 116 130 270 271 207
52 9 1 1 6 73 101 124 176 272 273
53 9 1 1 6 101 90 124 274 275 272
54 9 1 1 6 94 101 147 185 178 276
55 9 1 1 6 83 126 162 277 278 227
56 9 1 1 6 121 89 130 279 220 240
57 9 1 1 6 105 98 161 255 280 281
58 9 1 1 6 91 109 132 282 250 262
59 9 1 1 6 90 101 136 274 170 283
60 9 1 1 6 116 98 130 284 241 271
61 9 1 1 6 91 102 140 261 285 286
62 9 1 1 6 1 7 128 11 287 288
63 9 1 1 6 75 1 128 80 288 267
64 9 1 1 6 2 16 129 25 289 290
65 9 1 1 6 10 2 129 15 290 291
66 9 1 1 6 74 75 147 79 269 177
67 9 1 1 6 102 89 135 219 204 292
68 9 1 1 6 41 110 158 236 293 294
69 9 1 1 6 103 20 157 244 295 296
70 9 1 1 6 106 86 117 297 298 190
71 9 1 1 6 104 56 152 205 299 300
72 9 1 1 6 55 104 155 206 301 302
73 9 1 1 6 112 93 143 303 304 192
74 9 1 1 6 88 103 157 305 296 306
75 9 1 1 6 93 107 137 307 308 309
76 9 1 1 6 107 18 137 221 310 308
77 9 1 1 6 103 88 144 305 311 312
78 9 1 1 6 19 20 119 29 246 313
79 9 1 1 6 40 41 158 50 294 314
80 9 1 1 6 17 107 151 222 315 316
81 9 1 1 6 105 81 121 317 318 256
82 9 1 1 6 155 104 160 301 319 320
83 9 1 1 6 104 152 159 300 321 322
84 9 1 1 6 22 106 122 174 323 324
85 9 1 1 6 106 88 122 189 325 323
86 9 1 1 6 131 40 158 326 314 327
87 9 1 1 6 88 105 144 328 329 311
88 9 1 1 6 107 95 151 330 331 315
89 9 1 1 6 86 106 125 297 188 332
90 9 1 1 6 81 105 145 317 333 334
91 9 1 1 6 105 88 145 328 197 333
92 9 1 1 6 6 72 116 76 335 270
93 9 1 1 6 5 63 133 67 336 337
94 9 1 1 6 57 5 133 62 337 338
95 9 1 1 6 4 54 134 58 339 340
96 9 1 1 6 43 4 134 53 340 341
97 9 1 1 6 111 91 140 342 286 224
98 9 1 1 6 8 108 150 230 343 344
99 9 1 1 6 95 108 149 231 345 346
100 9 1 1 6 108 94 150 347 348 343
101 9 1 1 6 108 9 149 229 349 345
102 9 1 1 6 97 155 160 350 320 213
103 9 1 1 6 152 96 159 351 211 321
104 9 1 1 6 95 107 156 330 352 232
105 9 1 1 6 143 103 144 353 312 354
106 9 1 1 6 107 93 142 307 355 356
107 9 1 1 6 84 143 144 193 354 357
108 9 1 1 6 86 114 120 358 168 359
109 9 1 1 6 81 113 121 360 361 318
110 9 1 1 6 113 89 121 203 279 361
111 9 1 1 6 94 108 141 347 253 186
112 9 1 1 6 92 111 146 362 234 363
113 9 1 1 6 81 117 148 364 365 366
114 9 1 1 6 118 81 148 367 366 368
115 9 1 1 6 38 39 115 48 369 370
116 9 1 1 6 37 38 123 47 371 242
117 9 1 1 6 120 100 148 180 372 373
118 9 1 1 6 86 120 148 359 373 374
119 9 1 1 6 64 109 154 238 375 376
120 9 1 1 6 109 96 154 209 377 375
121 9 1 1 6 97 110 153 212 378 379
122 9 1 1 6 110 42 153 235 380 378
123 9 1 1 6 116 90 127 381 260 382
124 9 1 1 6 98 116 127 284 382 383
125 9 1 1 6 20 21 157 30 384 295
126 9 1 1 6 87 113 118 385 386 251
127 9 1 1 6 115 87 123 387 248 388
128 9 1 1 6 113 81 118 360 367 386
129 9 1 1 6 109 91 138 282 389 215
130 9 1 1 6 92 110 139 390 217 391
131 9 1 1 6 91 111 138 342 392 389
132 9 1 1 6 111 85 138 393 394 392
133 9 1 1 6 85 111 139 393 395 396
134 9 1 1 6 111 92 139 362 391 395
135 9 1 1 6 112 82 142 397 398 399
136 9 1 1 6 93 112 142 303 399 355
137 9 1 1 6 110 92 158 390 400 293
138 9 1 1 6 144 105 161 329 281 401
139 9 1 1 6 128 94 147 402 276 268
140 9 1 1 6 21 22 122 31 324 403
141 9 1 1 6 99 115 163 404 405 406
142 9 1 1 6 115 39 163 369 407 405
143 9 1 1 6 114 86 125 358 332 257
144 9 1 1 6 116 72 124 335 408 409
145 9 1 1 6 90 116 124 381 409 275
146 9 1 1 6 113 87 126 385 410 200
147 9 1 1 6 72 73 124 77 273 408
148 9 1 1 6 84 144 161 357 401 411
149 9 1 1 6 126 83 135 277 412 201
150 9 1 1 6 112 90 136 259 283 413
151 9 1 1 6 82 112 136 397 413 198
152 9 1 1 6 38 115 123 370 388 371
153 9 1 1 6 7 8 150 12 344 414
154 9 1 1 6 16 17 151 26 316 415
155 9 1 1 6 9 10 149 14 416 349
156 9 1 1 6 99 131 146 417 418 265
157 9 1 1 6 131 92 146 419 363 418
158 9 1 1 6 65 66 132 70 264 249
159 9 1 1 6 82 141 156 199 254 420
160 9 1 1 6 122 88 157 325 306 421
161 9 1 1 6 18 19 137 28 422 310
162 9 1 1 6 63 64 154 68 376 423
163 9 1 1 6 56 57 152 61 424 299
164 9 1 1 6 54 55 155 59 302 425
165 9 1 1 6 42 43 153 52 426 380
166 9 1 1 6 138 85 159 394 427 216
167 9 1 1 6 85 139 160 396 218 428
168 9 1 1 6 119 103 143 245 353 429
169 9 1 1 6 117 81 145 364 334 196
170 9 1 1 6 39 40 163 49 430 407
171 9 1 1 6 19 119 137 313 431 422
172 9 1 1 6 115 99 162 404 266 432
173 9 1 1 6 128 7 150 287 414 433
174 9 1 1 6 129 16 151 289 415 434
175 9 1 1 6 10 129 149 291 435 416
176 9 1 1 6 117 86 148 298 374 365
177 9 1 1 6 87 115 162 387 432 436
178 9 1 1 6 119 93 137 437 309 431
179 9 1 1 6 93 119 143 437 429 304
180 9 1 1 6 107 142 156 356 438 352
181 9 1 1 6 100 118 148 252 368 372
182 9 1 1 6 21 122 157 403 421 384
183 9 1 1 6 102 135 140 292 439 285
184 9 1 1 6 135 83 140 412 225 439
185 9 1 1 6 94 128 150 402 433 348
186 9 1 1 6 129 95 149 440 346 435
187 9 1 1 6 95 129 151 440 434 331
188 9 1 1 6 133 63 154 336 423 441
189 9 1 1 6 57 133 152 338 442 424
190 9 1 1 6 134 54 155 339 425 443
191 9 1 1 6 43 134 153 341 444 426
192 9 1 1 6 104 159 160 322 445 319
193 9 1 1 6 159 85 160 427 428 445
194 9 1 1 6 92 131 158 419 327 400
195 9 1 1 6 133 96 152 446 351 442
196 9 1 1 6 134 97 153 447 379 444
197 9 1 1 6 96 133 154 446 441 377
198 9 1 1 6 97 134 155 447 443 350
199 9 1 1 6 127 84 161 183 411 448
200 9 1 1 6 98 127 161 383 448 280
201 9 1 1 6 142 82 156 398 420 438
202 9 1 1 6 126 87 162 410 436 278
203 9 1 1 6 40 131 163 326 449 430
204 9 1 1 6 131 99 163 417 406 449
$ENDELM
