$NOD
23
1 1 1 0
2 0 1 0
3 0 0.5 0
4 0.5 0.5 0
5 1 0 -0
6 0.5 0 -0
7 0.7499999999993106 0 0
8 0.5000000000013305 1 0
9 0.2499999999993359 0.5 0
10 0 0.7499999999993106 0
11 1 0.5000000000013305 0
12 0.5 0.2500000000006652 0
13 0.375 0.75 0
14 0.75 0.375 0
15 0.75 0.75 0
16 0.4375 0.625 0
17 0.6875 0.875 0
18 0.875 0.6875 0
19 0.625 0.4375 0
20 0.1875 0.875 0
21 0.1875 0.625 0
22 0.625 0.1875 0
23 0.875 0.1875 0
$ENDNOD
$ELM
8
1 9 7 1 6 1 4 13 15 16 17
2 9 7 1 6 4 1 14 15 18 19
3 9 7 1 6 3 2 13 10 20 21
4 9 7 1 6 4 3 13 9 21 16
5 9 7 1 6 6 4 14 12 19 22
6 9 7 1 6 5 6 14 7 22 23
7 9 7 1 6 2 1 13 8 17 20
8 9 7 1 6 1 5 14 11 23 18
$ENDELM
