$NOD
23
1 1 1 0
2 0 1 0
3 0 0.5 0
4 0.5 0.5 0
5 1 0 -0
6 0.5 0 -0
7 0.7499999999993106 0 0
8 0.5000000000013305 1 0
9 0.2499999999993359 0.5 0
10 0 0.7499999999993106 0
11 1 0.5000000000013305 0
12 0.5 0.2500000000006652 0
13 0.375 0.75 0
14 0.75 0.375 0
15 0.75 0.75 0
16 0.4375 0.625 0
17 0.6875 0.875 0
18 0.875 0.6875 0
19 0.625 0.4375 0
20 0.1875 0.875 0
21 0.1875 0.625 0
22 0.625 0.1875 0
23 0.875 0.1875 0
$ENDNOD
$ELM
32
1 2 7 1 3 1 15 17
2 2 7 1 3 15 16 17
3 2 7 1 3 15 4 16
4 2 7 1 3 17 16 13
5 2 7 1 3 4 15 19
6 2 7 1 3 15 18 19
7 2 7 1 3 15 1 18
8 2 7 1 3 19 18 14
9 2 7 1 3 3 10 21
10 2 7 1 3 10 20 21
11 2 7 1 3 10 2 20
12 2 7 1 3 21 20 13
13 2 7 1 3 4 9 16
14 2 7 1 3 9 21 16
15 2 7 1 3 9 3 21
16 2 7 1 3 16 21 13
17 2 7 1 3 6 12 22
18 2 7 1 3 12 19 22
19 2 7 1 3 12 4 19
20 2 7 1 3 22 19 14
21 2 7 1 3 5 7 23
22 2 7 1 3 7 22 23
23 2 7 1 3 7 6 22
24 2 7 1 3 23 22 14
25 2 7 1 3 2 8 20
26 2 7 1 3 8 17 20
27 2 7 1 3 8 1 17
28 2 7 1 3 20 17 13
29 2 7 1 3 1 11 18
30 2 7 1 3 11 23 18
31 2 7 1 3 11 5 23
32 2 7 1 3 18 23 14
$ENDELM
