*Heading
 C:\Users\Lakev\Documents\FictShapeOpt\data\mesh_grov
*NODE
1, 1, 1, 0
2, 0, 1, 0
3, 0, 0.5, 0
4, 0.5, 0.5, 0
5, 1, 0, -0
6, 0.5, 0, -0
7, 0.74999999999931, 0, 0
8, 0.50000000000133, 1, 0
9, 0.24999999999934, 0.5, 0
10, 0, 0.74999999999931, 0
11, 1, 0.50000000000133, 0
12, 0.5, 0.25000000000067, 0
13, 0.375, 0.75, 0
14, 0.75, 0.375, 0
15, 0.75, 0.75, 0
16, 0.4375, 0.625, 0
17, 0.6875, 0.875, 0
18, 0.875, 0.6875, 0
19, 0.625, 0.4375, 0
20, 0.1875, 0.875, 0
21, 0.1875, 0.625, 0
22, 0.625, 0.1875, 0
23, 0.875, 0.1875, 0
******* E L E M E N T S *************
*ELEMENT, type=CPS3, ELSET=Surface1
1, 1, 15, 17
2, 15, 16, 17
3, 15, 4, 16
4, 17, 16, 13
5, 4, 15, 19
6, 15, 18, 19
7, 15, 1, 18
8, 19, 18, 14
9, 3, 10, 21
10, 10, 20, 21
11, 10, 2, 20
12, 21, 20, 13
13, 4, 9, 16
14, 9, 21, 16
15, 9, 3, 21
16, 16, 21, 13
17, 6, 12, 22
18, 12, 19, 22
19, 12, 4, 19
20, 22, 19, 14
21, 5, 7, 23
22, 7, 22, 23
23, 7, 6, 22
24, 23, 22, 14
25, 2, 8, 20
26, 8, 17, 20
27, 8, 1, 17
28, 20, 17, 13
29, 1, 11, 18
30, 11, 23, 18
31, 11, 5, 23
32, 18, 23, 14
*ELSET,ELSET=PhysicalSurface7
1, 2, 3, 4, 5, 6, 7, 8, 9, 10, 
11, 12, 13, 14, 15, 16, 17, 18, 19, 20, 
21, 22, 23, 24, 25, 26, 27, 28, 29, 30, 
31, 32, 
